.Random.seed <-
c(403L, 11L, 1115577911L, 1555961054L, 1865011224L, 67350395L, 
646917913L, -1227287640L, 1372824406L, 1278909393L, -394268797L, 
48093714L, -1816080988L, 1404909927L, -1672943939L, 1243614772L, 
788845978L, -796208667L, 1764318591L, 99226886L, 1397698192L, 
595257139L, -1295141679L, 1276276352L, 1883879262L, -45722455L, 
-2008684709L, -734061206L, -775606260L, -706369457L, 241369349L, 
-1777993284L, 662858898L, -1067657331L, 1821626311L, 774059182L, 
76854536L, 331293451L, -2058465815L, -146203976L, -1856193178L, 
1752233473L, 922787987L, 1826429762L, -586066700L, 324452599L, 
1014511853L, 1452211076L, 1180947882L, 860637973L, 525679023L, 
1004829110L, -430530592L, 1736716067L, -968081343L, 1834031920L, 
-748351154L, -2053585991L, 1767617995L, -1761474950L, 967388028L, 
-1398512705L, 1592118421L, 1579586220L, 575099010L, -1584144291L, 
411735895L, -959968706L, 1476623992L, -1146380965L, -1877521223L, 
-1771346680L, 2037278646L, -561951503L, -6878429L, 1887948146L, 
-2073335868L, -2019769465L, -2115006115L, 1571721044L, -178219654L, 
-935563067L, -356920801L, 1669961126L, 1583339312L, -381067821L, 
1730341873L, 1751960864L, -1239462978L, 76334025L, -1971448965L, 
605483338L, 772136364L, 133343407L, -2135068059L, 775727644L, 
372311154L, 400587501L, -1024628953L, -712801458L, 90016680L, 
-988663893L, 968752329L, 1578667224L, -1340026490L, 384657505L, 
2108738035L, 1889974370L, 508538580L, 581842903L, -1370774067L, 
-390954652L, 1564165450L, 384386229L, 1988150287L, -1650795242L, 
130803648L, -2137353341L, 907911585L, 252530064L, 611106414L, 
-1024464871L, 1986999467L, 1347684506L, -1184573348L, -120089249L, 
1597333301L, 1645785804L, 1222242338L, 950311549L, 1733504887L, 
-735600482L, 1175609176L, 66194107L, -865708967L, -1623060504L, 
-554870250L, 1405590929L, -1956657597L, -73558702L, 1106016740L, 
-1853671385L, -118864771L, 404351348L, -1319164582L, 1497969573L, 
171484095L, -1021161402L, 1740775120L, -2107758349L, -1660600815L, 
-274282432L, 1349352478L, 883366633L, -1581580261L, -940242902L, 
1026562892L, -1428932337L, 1002630213L, -2145882628L, 1117346898L, 
-2015691315L, 1374822279L, -259024274L, -969352632L, 829434955L, 
1518489001L, 592666872L, 1865270310L, 1572078913L, -1172884781L, 
-1120896382L, -1288724300L, -1789439945L, 438420269L, -1259046844L, 
1000244586L, 1927098837L, -1210095761L, -838132106L, -1498705504L, 
-710814109L, 1647963905L, -1464000912L, -933414386L, -47287687L, 
763747851L, 331394874L, 1026414140L, -426295937L, -1576841515L, 
1006706412L, -1885982654L, -392685667L, -825842153L, -453452930L, 
-150472392L, 1267193371L, 1606662009L, -2108165688L, 777694710L, 
2122059825L, -1124623773L, -923580878L, 487838596L, -717377081L, 
-1870653283L, -493711340L, 440788666L, -82708731L, 325752031L, 
869979494L, 1611178224L, -575331309L, -1394693711L, 35169376L, 
-344231426L, 1437062537L, -626093381L, 290291338L, 2031925612L, 
876871407L, 1333348645L, -772167716L, 1286423986L, -458140499L, 
1537242215L, -589362290L, 680741992L, 2058202898L, -1280483424L, 
351855564L, -453551264L, 1707779266L, 1568128552L, 171015596L, 
-1379177668L, -1603102862L, -1056276688L, -41994716L, -508269512L, 
-1293670182L, -1502921328L, 926800636L, 1398662036L, 140795714L, 
-1964620288L, 1444490812L, -555675056L, -117940574L, -2120398008L, 
1484104204L, 1053481180L, -1478075822L, 2130147456L, -1061764268L, 
1549815272L, 1302204154L, 343509840L, 185453612L, 1136605556L, 
1291523730L, -679485856L, 1118058124L, -440625312L, -1165352222L, 
1455083688L, -265167668L, -984706564L, 418981810L, -1474606608L, 
-1618397756L, -1199885480L, 869011322L, -1103338064L, 1929829820L, 
-1054708652L, 288214978L, -1826547936L, -768040004L, -281043376L, 
-2091460126L, -35330712L, -344369844L, 1049165052L, 1976296178L, 
87427840L, 725872244L, 1655045128L, 1204685242L, -518951984L, 
55154156L, 114556820L, 1487163090L, 2144619104L, 696243532L, 
1108971808L, -36264318L, 671827432L, 387996652L, 1301879356L, 
-1361140110L, -359490704L, -287049436L, 13429304L, -1477269094L, 
-1096176176L, -1373450820L, 1516102804L, -198848382L, -886295104L, 
1014400828L, 879777936L, 1887505186L, -803421688L, -1720221428L, 
-1906103908L, -2145838574L, -1535402112L, 250262292L, -370599640L, 
-1843437510L, -1910336560L, 858015340L, -963136972L, -1109617006L, 
426937696L, 1140597068L, 740160480L, 2058617250L, -380018264L, 
-669925748L, -291064388L, 20521586L, -817484816L, 1253251652L, 
-474914728L, -2022149062L, 61185136L, 1908819004L, -289219308L, 
1296229058L, 1504450272L, 364436604L, 93930192L, 1551917474L, 
-1257237464L, 2057377548L, 508282300L, 1524426546L, -2012967232L, 
-1115084748L, 435809992L, 1704896698L, -708410736L, 1846994668L, 
-815295916L, 757927570L, 1035064608L, 1117380044L, -518541600L, 
-1760625470L, 1840471080L, -735075412L, -1270528324L, -2095478798L, 
1373418032L, 663542692L, 223651256L, -1901181094L, -354953072L, 
-1835128964L, -258923244L, 1607450946L, 1345649920L, 1492509116L, 
745184592L, -774829790L, 1969140296L, 1016830988L, -963906980L, 
-1665550894L, 1792179712L, 56774996L, 1813775592L, 978819322L, 
1229714128L, 1760632620L, 1522220276L, 82670994L, 1160194400L, 
-1507923956L, -1994446624L, 573285986L, -695340888L, 1216550988L, 
-2145560708L, -350380750L, 73830000L, -904935612L, 7703512L, 
1253576570L, 186434608L, 1965350844L, -1216865708L, -728182718L, 
1290032800L, -1094186308L, 2098644944L, 1361750370L, 382782184L, 
-556968756L, 1915505148L, 1465545202L, -71266176L, 2141564404L, 
1321454216L, -542521542L, -1316406960L, -2053441428L, 1258554772L, 
-1763218350L, 694751712L, -212188980L, -1443091808L, 1566208386L, 
1885689064L, 1224456940L, -1825476292L, -980112270L, 632938096L, 
1086051876L, 1094754360L, -251579110L, 1792176336L, 156298556L, 
116346772L, 215332738L, -1360367680L, 602582588L, 1630511504L, 
-1795668958L, -2048941816L, -2059590516L, -88845540L, -1317515118L, 
-1933885056L, 98581524L, -2093041880L, 1682865722L, 1758699984L, 
2034622828L, 1563471796L, 1227961874L, 82875360L, 2056082892L, 
-2136030311L, -190225013L, -1032744836L, -1582107990L, -789566241L, 
883714665L, -802649986L, -139980692L, 1397156029L, -1186178681L, 
581750128L, -901154802L, 1275688251L, -352151011L, -325108022L, 
1321384424L, -1144836399L, -1774359869L, -1499848252L, -1037728142L, 
2028123975L, -1695635695L, -1974412650L, 835764212L, 677857669L, 
309331151L, 530841032L, 675779686L, -149564781L, 486562293L, 
-1965001774L, 1676437536L, -86064631L, -1362453701L, -341463412L, 
-218889446L, 178357647L, 129653465L, 1205794158L, -286238468L, 
-1056284051L, -500171241L, 1475705824L, -756725826L, -1954679413L, 
-1972427251L, -824919494L, -1230695816L, -1624163807L, -723708717L, 
2143654900L, -813124478L, 1895144727L, -1498952735L, 1589894438L, 
1858526244L, -1949296939L, 1288786559L, -184138984L, 39033398L, 
-797328189L, -1493823227L, -902952798L, 2100993680L, -176219591L, 
1269605099L, -514120740L, 72107530L, 1628076287L, 1263934793L, 
-1446392098L, 163378316L, 1509491805L, -1744143769L, 1595548560L, 
921290670L, 1381369435L, -1674683843L, 827321514L, 1138466120L, 
328638833L, -1921431837L, -115946012L, 985284882L, -584205081L, 
-758363471L, 551080182L, -1067410668L, 1117746213L, -707178193L, 
-982554904L, -949398586L, 1081067123L, -792418091L, -2142408014L, 
-514065792L, 1647278697L, 1852419803L, -1078752724L, 2114224698L, 
-1732342545L, -1306042503L, 755033102L, -1566418468L, -731661747L, 
-34043465L, -526964928L, -1475584482L, 512403691L, 1874221165L, 
-131567398L, -280325992L, -1477941503L, 1394568371L, -437106732L, 
1412440802L, -1690418313L, -625479999L, -813472186L, 367843716L, 
-1364449483L, -1342089953L, 1614543992L, 2097703254L, -1669560349L, 
-263941723L, -2142878654L, -1819305424L, -2101710247L, 1523983307L, 
-1759198148L, -248984982L, 292472991L, 1415340329L, 176879038L, 
-1786608468L, 1777336829L, 1613580615L, -1165622736L, 1942356814L, 
1665582971L, -2116718371L, 812595466L, -739648472L, -2096836463L, 
1037493379L, -1826601596L, 107635634L, 642133255L, 806041425L, 
